80000 128
1704M02250 1 2.346 2.25 .08 .1053 .026507 .0435 .1046 0
1704M02300 1 2.346 2.30 .08 .1053 .026507 .0435 .1046 0
1704M02350 1 2.346 2.35 .08 .1053 .026507 .0435 .1046 0
1704M02400 1 2.346 2.40 .08 .1053 .026507 .0435 .1046 0
1704M02450 1 2.346 2.45 .08 .1053 .026507 .0435 .1046 0
1704M02500 1 2.346 2.50 .08 .1053 .026507 .0435 .1046 0
1705M02250 1 2.346 2.25 .17 .1053 .027519 .0435 .1046 0
1705M02300 1 2.346 2.30 .17 .1053 .027519 .0435 .1046 0
1705M02350 1 2.346 2.35 .17 .1053 .027519 .0435 .1046 0
1705M02400 1 2.346 2.40 .17 .1053 .027519 .0435 .1046 0
1705M02450 1 2.346 2.45 .17 .1053 .027519 .0435 .1046 0
1705M02500 1 2.346 2.50 .17 .1053 .027519 .0435 .1046 0
1706M02200 1 2.346 2.20 .25 .1053 .028899 .0435 .1046 0
1706M02250 1 2.346 2.25 .25 .1053 .028899 .0435 .1046 0
1706M02300 1 2.346 2.30 .25 .1053 .028899 .0435 .1046 0
1706M02350 1 2.346 2.35 .25 .1053 .028899 .0435 .1046 0
1706M02400 1 2.346 2.40 .25 .1053 .028899 .0435 .1046 0
1706M02450 1 2.346 2.45 .25 .1053 .028899 .0435 .1046 0
1706M02500 1 2.346 2.50 .25 .1053 .028899 .0435 .1046 0
1706M02550 1 2.346 2.55 .25 .1053 .028899 .0435 .1046 0
1709M02250 1 2.346 2.25 .50 .1053 .029944 .0435 .1046 0
1709M02300 1 2.346 2.30 .50 .1053 .029944 .0435 .1046 0
1709M02350 1 2.346 2.35 .50 .1053 .029944 .0435 .1046 0
1709M02400 1 2.346 2.40 .50 .1053 .029944 .0435 .1046 0
1709M02450 1 2.346 2.45 .50 .1053 .029944 .0435 .1046 0
1709M02500 1 2.346 2.50 .50 .1053 .029944 .0435 .1046 0
